theta =

  -6.05448
   0.00000
   0.00000
  -0.00000
  -0.00001
   0.00013
   0.00090
   0.00003
  -0.00052
  -0.00089
  -0.00167
  -0.00034
   0.00034
   0.00058
   0.00634
   0.00560
   0.00000
   0.00002
   0.00000
  -0.00000
   0.00000
  -0.00000
  -0.00001
  -0.00000
   0.00143
   0.00183
  -0.01001
   0.00154
   0.00413
   0.00059
   0.01325
   0.01257
   0.01354
   0.00900
  -0.04940
  -0.06016
  -0.00849
   0.00701
   0.00576
  -0.00023
   0.00001
   0.00000
   0.00005
   0.00001
  -0.00609
  -0.02319
  -0.06107
  -0.10472
  -0.17503
  -0.26082
  -0.28274
  -0.40229
  -0.50856
  -0.39728
  -0.68443
  -0.42034
   0.05593
  -0.06127
  -0.07563
   0.01001
   0.00206
   0.00000
   0.00071
   0.00127
  -0.08781
  -0.19857
  -0.28617
  -0.52554
  -0.47261
  -0.29446
   0.05241
   0.41435
  -0.11024
  -0.11742
  -0.42437
  -0.19205
   0.65835
   0.25881
  -0.02684
  -0.05825
  -0.01808
  -0.00001
   0.00169
  -0.00064
  -0.19074
  -0.41819
  -0.26016
  -0.39489
  -0.26538
   0.61620
   1.04942
   1.56513
   0.48542
   0.60517
   0.67395
  -0.34731
   0.70422
   1.01214
   0.07698
  -0.18592
  -0.05425
  -0.00020
   0.00352
  -0.03236
  -0.31941
  -0.63795
  -0.39781
  -1.05302
  -0.40526
   0.36618
   0.18589
   0.92574
   1.64144
   0.49516
   1.41383
   0.21810
  -0.49976
  -1.26103
  -0.61361
  -0.30830
  -0.04104
   0.00299
  -0.02553
  -0.33051
  -0.81123
  -0.92831
  -0.28238
  -1.10635
   0.10700
  -0.20861
   0.00897
   0.10757
   0.80596
   0.29225
   0.04202
   0.10190
   0.02415
   0.15027
  -0.97961
  -0.67480
  -0.02707
   0.00415
  -0.03374
  -0.89135
  -1.05170
   0.12626
   0.78136
  -0.42190
   0.03471
   0.32466
   0.71389
   1.07074
  -0.03779
   1.08148
  -0.06816
   2.00341
   0.78003
   1.78447
  -0.22852
  -1.33128
  -0.19557
   0.00268
  -0.03759
  -1.31091
  -0.38981
  -0.07458
  -0.24306
  -0.66486
  -0.05673
   0.35887
  -0.46226
   1.13709
   1.02314
   1.17368
   0.74126
   1.66338
   0.26914
   1.40483
   0.16114
  -0.97517
  -0.31338
   0.00102
  -0.12890
  -0.79092
   0.50056
   0.27221
   0.69028
   0.62042
   0.23425
  -0.71652
  -1.12068
   0.47906
  -2.10844
  -2.48064
  -1.72101
   0.01491
  -0.77430
   1.53677
  -0.16256
  -0.54430
  -0.27641
  -0.00838
  -0.15171
   0.01072
   0.52809
  -0.21156
   0.56742
   0.66731
  -0.10878
  -0.91386
  -2.12935
  -3.45551
  -3.98363
  -1.57418
  -1.17986
  -1.66976
   0.31434
   0.63880
  -0.43778
  -1.06833
  -0.12020
  -0.01494
  -0.38737
  -0.78763
   0.20703
   0.56521
   0.36886
  -0.31429
  -0.55940
  -0.86542
  -2.26792
  -2.21797
  -0.38095
  -0.69364
  -0.33643
  -0.87507
   0.04599
  -0.77110
  -0.64976
  -0.82453
   0.00194
   0.04607
  -0.67396
  -0.51134
  -0.00886
  -0.17753
   1.19616
   0.03887
   1.04669
   0.63113
  -0.08316
   0.16417
  -0.65953
  -0.15825
  -0.38359
  -0.72802
  -1.81319
  -0.45840
  -0.29621
  -0.33437
  -0.02667
   0.02781
  -0.32166
  -0.25171
   0.22790
  -0.19385
   0.95212
   0.97643
   1.44958
   0.85550
  -0.87282
  -0.75723
  -0.27112
   0.28349
  -0.01320
  -0.86256
  -1.33146
   0.19375
  -0.36910
  -0.29048
   0.00502
   0.00199
  -0.07066
  -0.42608
  -0.10947
   1.08074
   0.33827
  -1.20812
   0.28286
   1.03200
  -0.34045
  -0.28322
   0.42196
  -0.41397
   0.05481
  -1.20762
  -0.32756
   0.04081
  -0.98727
  -0.36683
  -0.01389
   0.00263
  -0.03139
  -0.69148
  -0.57450
   0.77209
  -0.56050
  -0.07114
   1.20501
   0.79457
  -0.38903
  -0.01950
  -0.45884
   0.50771
   0.85070
  -0.48576
   0.24573
  -0.33791
  -0.63077
  -0.38231
  -0.16754
   0.00052
  -0.00407
  -0.14938
  -0.04281
  -0.12094
  -0.56228
  -0.06535
   0.98114
   0.75624
   0.63082
   1.38646
   0.60932
   0.00562
  -1.28008
  -1.18780
  -0.90250
  -0.54827
  -0.12338
  -0.20285
  -0.09916
  -0.00005
  -0.00706
   0.05908
   0.32402
  -0.75279
  -0.91897
  -0.08181
   0.07609
   0.03538
   0.48885
   0.82079
   0.46834
  -0.57898
  -0.96464
  -1.01927
  -0.75574
  -0.36714
   0.00321
  -0.01481
  -0.00061
  -0.00000
   0.00041
   0.00332
  -0.02599
  -0.71014
  -0.76125
  -0.33144
  -0.11953
  -0.06121
  -0.12905
  -0.12352
  -0.28341
  -0.38684
  -0.10248
   0.02347
   0.03388
   0.01493
   0.00086
   0.00277
   0.00100
   0.00000
  -0.00002
  -0.00016
   0.01319
  -0.15965
  -0.02040
  -0.06101
  -0.00192
   0.00954
   0.01172
   0.00746
   0.02170
   0.03325
   0.01126
   0.00290
   0.00502
   0.00091
  -0.00026
   0.00001
   0.00000

